eval_loss = 0.17861191928386688
eval_f1 = 0.752577319587629
eval_runtime = 82.998
eval_samples_per_second = 22.687
eval_steps_per_second = 2.843
epoch = 2.0
