eval_loss = 0.17708253860473633
eval_f1 = 0.7589743589743588
eval_runtime = 108.7171
eval_samples_per_second = 17.32
eval_steps_per_second = 2.171
epoch = 2.0
