eval_loss = 0.15512822568416595
eval_f1 = 0.7810945273631842
eval_runtime = 1041.7201
eval_samples_per_second = 1.808
eval_steps_per_second = 0.227
epoch = 2.0
